1945966924
1591553401
-1461805475
-305235456
-1157393090
-1917640707
-764108260
-906947180
-1227313174
1432018462
439294267
1677233672
-1600214197
-582160656
800613487
-794389996
-1981556916
-125525422
-424673669
-831447989
-811951986
601819746
1747511949
-340440141
214210407
1961596979
-600431384
-202985064
-1359783122
2061324221
1648032194
-1442502500
-668936779
180799253
1236231790
682658067
277259030
473588957
627501245
-1647128947
138609074
-1895067139
2070569122
642679475
671532662
897897106
1364977684
111706454
1375195488
1261566502
-1553611464
1837197764
480757313
-2036535518
1344527038
-182169250
699862468
-682708608
822688394
-1347056793
1824023214
944609476
-625361257
921016862
896102247
-1788019412
-437662696
-642147059
1318666168
-699285467
366257375
171692195
962431701
-1470994431
1199303426
-553913600
1992563102
2140193511
-1024902469
846242320
1899875617
-1693039350
1742012048
1372063451
785713507
781948445
-1079778893
-2033753574
-837187489
1916207622
1641972907
708726284
1976031567
1941225681
1415403571
2139867530
-489484247
-1978185241
1335673441
-620732327
-170170004
418195071
-1605635574
-1781922625
1619322395
2047670099
-211090332
-137662888
-120773623
-266362473
-931962643
-2088103383
-458230185
778819366
-951095412
1065027573
660505147
2044030462
1821707509
-1817677617
-2092637182
-1892271378
-1480040111
-802278672
-849960873
727540621
1268972829
967188170
-421894715
1415404398
-642424751
-1450651300
-1888361862
-643825519
-277393467
453633992
430092877
465275675
-1120035632
1716213794
-51271423
897205321
-1378729166
-1926429814
166853835
1882339490
433455411
1136317820
717100305
1437161836
1256246795
1267532902
-1519910540
882229600
-1849109884
580077434
-1840521968
26284192
265144285
-738388539
-166813182
-799992856
1977671921
712917632
-1028116182
-815322364
908042649
1733331622
83857969
-1897192831
-468039603
508028870
248295373
797799591
518303249
643349529
1717769283
-556259930
-696598386
1011624919
1188915757
774156046
-353371522
609236933
987350397
2134945412
-1988919731
-1143575278
-1179453247
186796978
-1347897603
-1861403036
581139111
933792127
1802412873
-1787995604
737320900
-931989888
-1305596147
1318425153
387263632
1738502317
-1721090332
1229269164
834044853
1962143831
-925740526
1592628673
1596978312
-1746563495
-960307548
-1001251986
1514663383
1246574989
1093454806
-1740850729
-596961051
967692162
1351593652
1505057057
-366108494
-1426682773
1867033859
-157205363
-1123866242
-337115559
657599072
58593993
1946172560
-1393481812
1487840169
-1270007934
962604083
-239280953
721116317
-1023870403
2092348417
620783874
-1001536578
164036199
1650776419
10852068
-1828147074
101189802
2086457431
359348113
1451548570
426167681
783870068
801744257
-138784320
1815909646
-127547862
-91210126
1187934327
309053482
-446665650
-1651767137
-1536877249
598588094
688708054
-1361643726
-1429139721
155338576
-1137557536
1400013302
-433970818
1522864096
-1753869320
-2033744816
1222015901
1540716533
16745114
198219631
668839716
-243553294
1719731701
-715957310
1642805074
-1173993043
1820206322
-1075812950
-838338183
-1446937023
-2072011149
1066975601
-366433310
329362723
1313375455
1345536633
-292993299
-1811352461
-666694178
648745400
871097469
-1099947372
428087905
748957539
870035858
1513156862
-1741636892
-181806103
687527478
540579922
2046899191
-1674175454
1953265565
1481052590
1582384889
1303432392
-891668345
164665666
-2115648729
679999781
-911811607
668747299
948675284
-295016178
-640291381
-1181496481
-1338689287
-1144481265
1011521139
1608889936
-394382608
-1655728153
813562819
752664117
-2000194948
861169718
1844434143
-798754562
-1029176308
-1747059340
-1751509998
22612326
914404672
-2073631451
31116018
1850382919
550768556
-800119478
-1797935935
-1470973143
953990107
327810330
-377433322
2036462107
670601366
-1181057806
-56186692
390665926
1847513701
-1968363127
593567449
589122238
-1241749675
-2100552089
-567242670
1920115483
-474414341
1292788631
-317524114
580867912
-1475047751
1769630363
-1239000647
1728219418
-1229172161
-1554061665
-475296214
795277859
1319870548
979661809
-1276329593
206258760
-161215530
-573717839
266165512
1365138321
-804951809
780351684
1115632442
739809088
-351396119
-186499314
1702041382
1380339748
1863355731
303541727
-187088462
-1009062354
1546816165
-1521480531
-804771514
1639452484
672677425
176134404
1810280369
1769859413
1881922235
-1641068358
-2128557490
708262317
-649593541
1591425894
-902035358
284041
-1998408736
474107665
-704406584
722350062
959672664
1590545454
-803616817
-784111434
279867470
942890183
-705242525
669956330
835996468
-505232647
-931392662
-1286123433
-2097361855
1089733282
-71098768
-460261285
-760202819
-513674664
104399493
1504382975
479371900
-1230477412
-1214403483
801813834
-250024281
1570533966
-831555879
1387114452
-2022197054
-574071964
-656648867
1993928856
-1179110679
385637078
868779267
2089728782
-2032165796
1835022556
-652941417
-1227502727
-354809026
-1570681253
-1806865150
-325316995
530681497
-1902405476
-729141517
-1483424268
723971237
127128638
567550651
1578825473
-99516087
1057215342
-704084616
1751063908
-188743454
1742308180
457467509
1052155919
-1035197630
706499792
-23858223
-867503366
-655394054
569637989
590835038
1474155059
474479836
977714549
-74849846
-1591336392
1960770491
-2011908946
1857296900
-441843320
1497209972
1947784644
806901464
-248520841
1275463218
-2087743392
1560921308
-1523995582
2084098796
713969751
-248722801
1293579874
-515734478
1901481247
1745589438
86509860
1139081257
1036016766
893158697
-1592827783
-741516588
428260483
1110337382
768345610
-538546284
-519239494
596152326
-189813873
2038238961
-476721510
1716210165
78157409
-1336752998
1490580802
12531238
-1152733107
1812494762
1340173412
1393066351
-1407692374
-300255444
995219073
287118513
113580205
-1019507487
1320362582
707470139
1040081403
1668636736
48646037
711965551
82458239
1112549309
1140693720
1918057894
-1421426051
1805932110
743140562
-627319471
-1407079961
-1831011542
1717496007
1206161504
-1161835025
1234819539
-1387534787
965284070
1640191965
-1005814185
-1355701773
1612567805
455548193
-2057580079
1287623186
-1214963482
-1316769621
-1458703562
-1061762654
-543123595
1568912762
1747998797
1197055807
2079386795
-491633037
1576172287
-22902004
736861860
1982302067
-538470704
-1204391962
814274739
1430565799
778582701
-1802124324
-1920342837
334642458
164934375
1867729887
1801113376
367513999
1443204991
1296981685
-1359470579
-1230022512
1715980964
995746611
1062981688
93404871
-1776921735
-325550677
-1031611661
-290872693
1033568538
795451554
-514911515
1179334077
1763520992
894072006
1604263145
-1731335979
270834404
415812638
-1221544651
1546957623
-1334113342
-472542077
-159407426
1006046411
44051102
732396878
-1693057829
-1762661172
351169644
-1388985262
250128168
-448962082
417385835
-379691508
-1801115732
-453437594
-153285135
-1052119783
1703164734
40066070
-1193379986
1708342503
-830026717
664763846
-1214681686
1725903791
1631137532
-1028026742
1617973329
1559064482
393398750
2073749248
1494642865
116982626
1212582338
2014575081
-1337581631
-62650957
-793064929
-1351136006
-306505628
1679812722
321229525
1252698868
-286078481
-529544507
-965455795
1313923826
373835496
-910083437
-1183553059
1409263873
-283517936
-2002052810
262429296
983198709
-670919772
-1226205329
1533751141
-568052614
-737007394
1856601242
-1089564232
-773332631
1771188162
-421253854
-1197621921
368530780
-2003864298
64037942
-544601354
-134780540
826989233
-1584868164
-83103843
-130565703
-618318856
272639366
-251816160
879926738
332261029
-331154237
-71140263
-1568480202
481579978
1397198519
-580541486
1143087539
1580748053
-1944362066
-863085394
2057022093
-854189483
-800700115
663071688
462260442
189715261
-934370709
-2138782436
-812514292
1519784294
-435303425
-416860314
1581354447
-547733862
-2076539175
-480137720
-1314510827
957154127
708484726
17329456
-1154049938
-626681488
-1767096753
234810425
-1090454372
-1649473693
86682258
-354667950
1947309158
-825194681
1004097556
-1939482275
-1935944532
-52519299
914055045
905829144
-1841752133
2003282282
512583652
406686850
603029218
-6889606
-1120295883
230321015
-235349691
1383404391
-1135153039
-1063804259
-950885392
104772538
439196094
-799971453
1496151855
-1711616111
-675512864
-1235380474
-805866212
1995908003
-2048119314
-334547977
1144163704
730428289
1120208968
-622810118
36219582
95859486
2140700104
874710704
-250798987
-547044207
-1956841929
-1672584424
622449349
-591147496
209651714
-216897742
1980514125
-857183136
-94243028
-1576303131
89059123
207635715
469020550
451690273
1582969468
1042201937
-446714338
1228389960
1235707037
-256386734
-970748428
362642121
1547151953
-1598322933
-1975047181
-136593650
-1402455892
1298389504
-2018535905
-502711912
500922735
-1762854150
-1951712758
-612107161
987734174
-1240084470
794625676
1556516510
925927248
1723113677
-1421118286
-1102449561
930865093
2084256496
-299717642
-844771052
1609307837
1790597878
-1879558736
999163782
460289543
-1045668552
-581831732
358579410
-88712105
-741639379
991514301
-1008475872
-29581732
-2135418645
1505676977
554607319
-144743150
-25696531
1365349382
-1913425930
1522670932
1377754134
-971939076
-1688671804
-1487254348
-595637258
-2122762581
-934252884
-1029480562
2043583819
-1582592202
761667169
150520923
1979737289
581496640
512392265
-1843009470
1265756189
1691106462
67720215
1663101172
1385975087
-1664092082
-369638214
534646712
1210317223
1037730216
-1212312203
-931698236
-1358960973
1244584147
888944974
885330383
1859906822
-1627220871
676865196
1043857123
-1081783005
1255210686
231692603
-762155913
425785306
-2037478035
1469205523
-801755204
-455124205
815737204
-2080208360
1869778487
1742321354
-1885013614
-808665437
-792696433
-1543422375
-2107333554
306839649
-680209240
-1387755011
609697066
-1364293509
-530618896
1723079826
-749645544
608843767
-716514569
-2021195359
-1658206675
-41840803
514580805
-2037594212
-1815969132
-563348323
-1657595801
1301437031
-1249898812
-1687248081
313827659
-399277542
-816011531
1274610300
-1238839603
1195051525
2140565455
-1610932612
1856949137
2033177588
-1010843035
-1643966817
-961328878
-1316398157
-302791839
-966125839
-806712325
917139156
-1704937089
869773176
1005480373
-345432913
461166398
618864096
21367616
-2678103
-1756271659
-1140685479
983992646
1181636793
-1231835292
746623168
328775021
1526260264
-1107190165
-618652932
-1415469844
-540727657
1458346111
-1314424406
-724512671
-2144217274
1145222714
1812155900
2104483040
-1784773486
285411955
-2041905186
-876780977
1905362879
723010222
-1695594662
1734165232
-1515436809
1297636054
33384508
-474060738
-1542256238
-65054679
-739769351
-1839269635
-1048704360
-991543438
-1376737844
1624595596
-1048754301
-107562370
-1168413407
-1911185539
1842435400
-2022760248
759724598
-1982853785
1465341336
106026870
648347904
-515959814
1378262627
462830728
1684022859
-1282948269
-614279779
706777422
1949174564
1446084496
-1238530749
468293659
-739923334
-43075673
1246653344
-562702025
1093430530
-583420557
-891679796
793232153
384603995
484825871
-913161611
1045895637
524416627
2146885991
-2060131615
-565483053
1968860712
169143307
564699187
-874614335
-1702998479
1779271238
-1053243668
-1834567734
-2041671361
1044307311
-1709929804
-1126580729
1787128415
2093730942
458157146
9996853
-261634910
2026671329
-1125614567
-1487899480
-1747150594
1016668304
1866234909
1441100416
1879654006
-1383610017
-876665020
-168145127
-576710535
676012434
865280040
-855734073
1845577607
-742348362
1012419677
-1007631165
-1776074726
-1279664210
-118054921
-1371533729
-1691128893
-883477748
1733008718
-1641720447
255670418
808282785
751406340
1550966862
942160571
1910722390
-1350323641
812033061
960775285
-427904963
-552403117
-990660146
-375089115
1333072866
-848097734
318660851
1106876603
-2012894489
-1280351769
1866417870
1034591324
-140027953
-1791675553
-986577885
-756562623
-458301415
1461604170
1923745393
1317405918
1493080720
-2096248910
1613781091
1492495686
-2049823007
-947945975
-862913140
1137063117
-1177666962
-1778923152
-1254763180
-248508434
1722084961
-2104443594
-329762516
-884488849
253623043
-2076781666
1492240905
1426825411
-2073994163
834601189
-840425202
112174766
-1354114113
572289666
-1787406453
1721872431
1769823088
-1113817425
-1500341722
-738603111
525745766
-411858904
1530739543
-878091262
680165927
-900867534
-74843879
-906133791
-550347377
-599539490
285960669
1546616818
1956215012
2126537102
-195836734
-1140257955
-1503456473
-639690824
-1849853693
139378198
-1506105172
549149161
-555661135
435635334
2010115820
-110400755
-1102652767
1047181163
-2055849574
-2145494035
641202087
207643388
1353489651
1029316856
-915544317
-911254449
-1571462822
1675542597
1876139547
-1094153985
-71787485
-8397864
-905005206
-1764295415
-556334674
731257891
791438520
-470953226
-1085324104
1908293328
804180107
-881270209
-1905682707
-1598829123
-1039490339
580384748
838999744
-1955478969
1852546318
576877949
944010879
-2103207733
328368411
-1014269426
2125957281
303405162
-1886537712
-1916995147
-1690673822
-1317317877
-684627013
-1417517266
-964186735
131047845
1766524833
-1241394246
182406824
-83779394
-1479060170
1716300099
466734109
-1361678034
-570316985
184509124
-1625570825
1981792552
-1155151686
-897980697
-951858013
2095276410
-394943878
-1032820497
-125361657
152070931
1669254316
-2026966057
617490391
-836585274
853245734
1307050939
-1927046360
786282828
1327338784
-1073163913
1807621442
-481043057
-1615226836
-2011941747
-1974126151
1358964517
1302529635
-1255194804
578304446
-1156867302
2057979872
395901229
1512986802
305175794
1757415282
1475926911
-745722373
-1572178451
-28777844
1275458631
-1016373221
-1212183412
1206363264
-1765616799
-685574914
-321318828
2077458668
128493034
1823986578
1996692945
707985780
484320225
-1460909411
572301021
-1203004751
524104715
1159114954
-860984543
1021385832
1035233816
1344827908
257256668
35614974
-155204861
-192406010
740543971
-1206099925
-997833794
-731558862
-1669762840
430328046
148921869
21391522
1158953726
-152041792
1818574769
-1761755523
-182652580
1173976588
1960538057
-952872053
-704794784
-1298707491
-699703691
-1366398710
-1826932521
-688638759
-1531393348
-1202276927
-2107986821
-1534038163
-311287121
249212246
-51291460
-463186615
-1674362418
-1636603684
1804911811
371034127
-867487319
1557922992
-1778579533
1370862918
-2033528630
-1087404156
1544304689
1327310228
1589412818
-873093444
-1290702298
-56456404
-1446816543
-716768264
734437571
1768211332
813835579
1183219697
1108624069
-2068676533
-183380697
-893952376
-1500074247
-922285158
282560026
1901295644
-1214997246
1217567593
209345301
16262171
-1546717606
1563420740
1992973131
-830207781
-1584516202
227539773
-933209339
-1113973590
802277869
-662673628
-606531894
1646994467
852126970
1153392885
-603214662
48775619
-1609553728
1125411729
-1799438278
-1080661317
1452382191
144411313
-2057038891
-1251748601
709474917
-1550044905
177132897
1407038143
1620979703
-1121690107
-396011424
1882574508
538958704
3382770
-1736303959
393010717
964964825
-1278680453
-20058296
-739271685
1078835706
-1562286697
-1122536543
-1920859877
-67207135
1403390991
-758500645
1815424467
-1491631583
1625815852
-1083565190
500816079
1406424989
233067953
295578446
-2111154396
-943547770
-1621994485
1675589003
1644466597
-1823943711
-717345849
-510662855
1388149621
-2128023347
-228165053
-846303794
-182657570
1615233988
-419879256
1284793368
690589024
-809937376
-2132283625
872573280
-1311024117
247008737
1927025953
2139162316
-817275632
-680072275
-950805123
-1489254651
272649621
969336087
384554740
-1815895016
-1634322743
13213475
-226419553
-1240469599
-2125619911
-237171447
855181141
-1746724570
1038864737
-1422805191
-867302818
1833629376
1015756164
-507580769
-817334421
290092031
-1049916225
-1993314264
541459914
-801846513
-263215269
554450051
820017365
1075883030
1931018339
284665900
-1855376981
-1654917408
721887350
116320165
1027930146
70183614
67754462
-1917674490
360670971
-322441046
552776160
870523832
2125227863
1612145583
1195576149
1165603709
-1381929110
-151716985
-1491474823
902527922
-252217234
1046396293
-526562814
-666673704
2128732121
507221941
-647452300
-1648167344
-1091196975
1242171969
-2092245837
1952710245
557828831
646284054
-416056103
459229840
-1094674717
1658015686
1960360521
-1116804874
-699579577
1634879919
-291766268
894772277
-885508489
1932959837
180680763
1250586207
1546890896
2001561132
-1534081500
-2085586874
266977623
886686514
-1039890160
1904802041
1023403884
1601696347
-1000637251
-468522609
-68450626
-1106219820
1628588776
-1403438814
-849334207
220719020
-418618841
-55952098
-680033058
-1988163655
1315005940
1184850363
-1992428117
1335816120
1880755212
-2033131833
-414264484
119409847
-431162630
696874152
534601976
1731904695
-1307410962
1183479201
-1607475761
-1407194228
618602962
-1942970540
1282194090
-620682744
1262653342
1213106311
-1410765244
-444890280
1762211819
119121706
-1959944967
747193517
-7035962
-86822248
1758758845
1193093918
1881636551
161900061
-694028721
577043404
35630689
-20322376
465506477
-805287353
-370537862
-125151455
-614016054
-2090120913
-1239381187
314591501
1133596030
565412126
771555375
1284780719
2091330493
1200001477
1817683072
1435961730
1563962123
403267924
-1375066973
-513893563
374341679
1961385503
-2029721312
910221895
-308389594
1140307582
-1209156952
1136253412
-1519324838
449096436
-1141107863
-876898481
-692177645
1793547922
-46616156
937470609
-495835091
485935517
-510967941
-59438128
-736721909
1375122030
509223951
-540403500
1678393547
-835596135
-802303542
-795973945
2047606202
-890208687
688530936
-500536261
354286858
-1466000374
1749396892
-2035333263
989963970
788105824
-1831869567
-1292557096
-1561082123
-821469641
-1202406513
-2024076845
-1003357386
825668386
-1178792097
-1502476353
207946571
1660993544
-1787772912
519707444
2073225503
971870725
1589158235
-935904374
636957693
646484365
-1259634204
-83272034
122591995
1222751703
-571284269
-2019920683
-1173951821
1380059768
2070495395
-1021206176
-1902439879
-1276089523
593286969
728445633
-412185784
53189278
1121942328
-892788850
-755330626
-181594753
2050807443
-1492645003
-2074943926
626674297
-835320221
-985589633
1479465059
570431082
1614454777
-618592104
-1778420869
1263446953
-24874185
-1732152498
-1872155788
-1828042899
1971101211
-2068245543
1643959378
1942444398
-1557805668
-355175589
1770074418
-1160838708
2091943865
490238824
936019579
1513294128
1797028558
-1010533177
-1489200302
661042992
521752104
-1230875014
-706290093
-1876677896
-1820270628
-1286739717
770810237
834411045
-771990572
1866428872
940482925
1214781940
-336349142
889645857
-1072804914
-350890341
-871882056
1884269584
-1344374513
1856232694
793719791
-1355840343
-1202811561
1877924454
1921907431
-1953178989
1681929397
1620604662
2081437368
1255901638
-106221924
-446747202
128536839
1942523285
-1219634035
1618003852
-315494941
279492079
-1521776618
211246016
-1414650671
1011805409
-1651207174
-1581581449
-243943643
695390302
637799601
-2043647254
-176629869
1152951362
-1528738798
-1527804648
72439557
-558374764
-936663986
-1789762141
2121878190
-186261493
1140934176
1873270007
-654475426
-90279213
1674696258
1895002801
-1064088041
-1227073136
270558754
300296765
-580999711
1943006371
-1767914539
-139362879
-1926340902
1805808555
-1615899317
-753822919
935471760
-442961586
-1444023612
-385323038
906933651
816932664
905671811
1401357788
128568900
822204003
-1999050816
-1662584822
970040563
-1412399207
-840786206
-371050436
-1088456407
-942593994
425627885
-1864113264
-416855999
996894514
-1119044551
-2057305836
-548712131
-1901445537
-489783196
144049840
-215776810
1505068014
-162192503
1761364035
1078337748
-138813385
722925233
1825617163
1883261344
959210424
-565326455
623740745
1365380375
-207423138
-1682391723
197577252
-320124000
558577923
-838445276
1348458957
1818467456
-1700962760
241946949
1515602403
-1044851092
1518430019
-1845439495
-1601069543
1801784671
-67592085
1488903529
-587308778
-1063904851
-2000806030
-1400999718
850634140
777911384
1450505058
-851737314
1833070059
-2020297566
740494476
-1366432179
-22088345
-1568056605
405020877
-1344700747
-1501890440
-1289120612
-1615851501
-1199195378
-1322117455
723760587
1757711647
181042673
-480791756
217654144
1442451083
362043019
1722283859
3918768
-1379382257
669576845
1536416634
-1651849656
1144966143
-246422682
217733709
898593669
1803175191
1918074548
-1616956915
947760002
1684527227
1500512759
-2080253889
-1599155438
586377208
-1426097785
-432176241
-1273435697
-154235761
421219016
-289050639
-1025514126
1355936052
709620123
1583268104
2119233125
-1261234734
2121441559
166438603
813453718
2095365779
1608498040
-38688666
-1432601714
1972933469
-968600233
-973129379
-1396469567
1597813663
-514050021
313720055
-449743065
-562544052
-1122953297
-697738279
1448830219
2069245479
531558260
926633968
-242693854
-1728202175
533510777
1615039124
-839344162
910985919
1242299113
516774121
2067433988
813578721
1778697412
1986194057
904542332
1498003775
-52740142
572972639
160776551
698155860
173462739
-1707132459
1182839414
631497024
438467067
1473654321
-679152519
508479689
1767953052
194465852
2022429750
-1671752030
-1875503579
2144740900
715506812
-1456592656
-896208310
1257582499
1953017207
1592335881
-491070332
108186719
-2053382844
-1288488066
-778336580
-713841516
-1990595129
-1684717221
21130050
-386369553
-1156926532
1193291181
1647092739
-899189059
-299594996
-876727229
1443660027
1424984388
2009437281
1714745017
-1551134232
-573691535
-248858628
-1496577870
-21555393
1894167219
1410564549
2046553188
739118691
-1264301019
192883363
-1866714280
-806925036
-603074318
-585080050
-415113358
-1134993371
-1970971916
-5590303
-143024081
473244017
404968350
1358266996
-158685138
2101295375
-902353124
-903995158
-2039294223
904134084
1064711608
-124560442
-1097516316
1717856441
352518015
780827588
-736088163
1244794989
519996964
621198054
-37708700
1327193836
251523363
446269388
829167350
-2075625663
181305385
-711775672
-681316730
773619240
681785266
-339698383
-1892719868
1561737736
-1990315020
-162745993
980126880
939933215
-2006858245
-483930504
36943761
-1667230466
1081327380
-138746991
1322072081
-540074440
687836783
-1210097930
1248721580
-661712042
1688868095
962543046
-1482337094
932407309
1005867941
1155369305
-429729494
721942962
1255692172
1647891932
537867648
-748109331
-518125354
-981559776
-1478010080
1947566253
-1596211337
1268734126
956987596
455184731
1332789857
-259964386
1940883562
-1221632175
1099306209
-1810933592
-2030078710
-349557363
-1669056952
-2034666245
-782426840
229123489
-1917667379
1220668493
1035253037
2146034158
1797311666
-1745664077
905989691
906749713
-1295763292
1445567666
835159338
-363741028
-349290393
-708814059
2134678988
-4606712
1292665010
-1733385216
-1225159048
-1216133910
-1079652521
-920027580
-377241658
-1321080475
1658948263
2017754101
-1696234346
146327007
-1855325421
-1518426822
-401043881
257114359
-882857194
-223167389
468509061
333035702
1344657746
-1077989568
-1446244749
-650066428
-1306367751
-643085904
611365450
-396049572
1687549038
1733590392
-1046051759
1735035587
258008619
-754461867
1118270318
1603903221
1641855972
-99034797
1592694764
-1760349214
-1705846804
1523098207
-845021826
1376569944
365200600
-1830507749
-1136621181
1449939712
-239267999
-1615939599
1750172042
-2012279666
839981710
-1625554838
-240683495
-219967180
1962709522
-1802814528
-1683974742
1569900375
725802738
-50961743
569027573
-1023759996
-1911864725
-107070826
-1863233164
-1116137051
1399683857
24837555
260116260
-466341009
-79620037
1923003599
244480648
-344927714
-1442570338
-362080761
-2116252174
-1931526812
-36443849
-146408225
-1208106747
-1898892898
1404917102
-845885543
-2013289099
-523520184
811057528
225994185
1005653008
-1810203213
804281852
206062633
-1852901886
1328655604
784452601
1164263849
-1967860140
-972659937
-1962007578
-1360467510
-1949243467
1062555829
665832218
1631072300
1730255485
1917986906
-2145928338
-774551195
-1404215570
951178699
-453631712
1798683923
-1523167300
162312206
892629753
2048853300
1459585231
-1028318486
-675911502
-1101181260
827455046
1836207001
-1043762284
-1110626489
-1706326081
-279567172
981507421
-1360370568
-1956498475
-1994367602
917827946
681766914
254453737
-485463972
1782633490
290399582
-1181155291
-391459788
-208737201
-1415283555
-2009136194
-1274157604
754680739
1468153463
-696557192
941442053
772898872
852778403
-557731729
-1450569024
-1147511479
1572475240
1180383507
-63813071
1393214913
836961651
1484573300
1001886849
172733729
1223635691
1351491519
1590304537
-1300610394
365606594
-1773954553
867355404
-113870166
180369742
1358123593
-1653903148
-1162089910
-1903052009
-1231370327
-229954752
-846937784
932240114
-157635070
-2093490771
-522015181
296544590
1552064669
867002739
-1861822267
-587309875
211729727
1526613666
916758155
-893617130
-1768592536
-1657244690
-1125059125
-268218135
444847066
-246091289
-1736795487
1839020147
921422936
34028908
-495621526
-1151032093
-1045546065
-1847231135
1356173670
34071612
142162425
-1845930081
-633508200
1883373676
499216672
1716822316
126570993
-835122018
1926398369
373579179
1644329133
-1679592500
-1778749550
1081066006
-690164741
-77914985
-1987027995
-170381655
-171301405
-820087206
2111245806
-1534438367
1773707364
1806484348
952111394
-81790938
545698524
887895301
-1684247776
-600503035
421093804
2141039475
1007955445
-1142288223
1981678619
789262542
730753691
-189208917
413525114
878411770
-758691901
327197200
-417775991
1355165003
1055539412
-805310029
-453951463
461980766
-1369255630
1446847580
612298738
960130854
1710624707
-640288785
1342119670
689633861
1859911342
-987715616
1486473094
-541635940
1823970149
-2035618074
-1158840541
965711909
448314085
1329262574
-1884430760
-569310721
-1843143108
2084649554
1172701912
-2147266614
1714334539
-571843254
-908161054
637596724
165291469
670154402
28889324
-1059838764
1215186071
1077848237
-708386177
1475156790
-927228127
-1854946439
2026046816
1523766070
1384902468
1225289027
-1048150032
-1565468015
-1796052155
1815520813
922923477
-1506146888
2008628241
-631274707
-431669800
-1388241432
305763274
-989111224
1400532496
501603446
2059413634
1755982336
1349465664
-1941584017
192419653
742114827
1598453885
478528352
15889244
-160496827
-1926533100
788688497
-1962867248
-393883418
-1996134743
-1262315336
1593770285
-1451500297
-1278273629
2649547
1795861895
-1848612351
896951751
1351820183
-1872801599
-517256184
-665893085
-1335082385
-399583476
1847607479
-932246740
1362680423
1850671022
617813724
-235708630
1106786787
1745228292
242374933
-611666732
-560006806
662658761
1487237067
-1479938250
1964404927
372248984
-194613664
-1439335974
1914038578
771298991
1720647588
1654795815
-1481891533
844830965
2095261068
217361155
1839527207
1289608254
-270811099
2055996096
308298110
-367233076
-417460283
-133242060
1047286277
1543255320
-1414748540
1411423273
260534904
1638667986
313621738
334866424
500266075
325536807
-846717463
-938108305
-1053868535
517280833
2057969165
-1340958213
-2106607860
-712714733
781144561
1037879043
-52255313
1638756438
112621556
47854993
-1224257070
-498924082
-81639123
2018663735
-587071236
384223697
-2031999589
1682318128
-622551114
1248366857
1442631585
834396868
-1194841066
-137745800
294054576
-233236495
-998656615
640730300
-1189727931
1251577927
-1923676618
472966036
106796566
-678541805
-601601873
111520162
-607271801
2097957311
325402665
-1156810126
752399459
1146510712
173663487
1433024698
-1926347577
1020405521
-697861422
374318307
1060311649
-117171161
1102345188
1525063623
1079114970
-1441035132
-1555122778
-1756736068
920391568
826961608
43586191
-284650031
3260808
1136317254
-1909060306
-255141545
-634666845
-1632755413
1936930946
1829355426
526957582
1399882213
-1617311351
-1265237487
1586029055
411901633
1304309270
1592665162
1068958877
-447343402
-219038489
705193162
1835702847
-1600306399
-313077002
2041360796
1011682521
2041140977
-1312230897
1542628712
2111835314
1564785285
1154462882
-281816913
422173274
-2038806030
-542332198
1141035860
1065860059
896397898
1455518957
-809760163
1494618414
1291689722
1552723637
-1303587334
-954156048
-877061772
424771712
807058375
50712149
2089139981
-597235421
264497486
1210037596
-1322438361
1449727317
252107471
787173956
-1687919726
-732407751
1656171074
1777448766
-909464273
810981692
2139212444
692353891
876003030
-2039657695
212022097
-1294542360
128033913
1876115545
1926643738
468521103
1415459977
1724575895
-1863661320
360624480
-749891176
-1515781212
-1730201993
-1308632167
-22568385
235681135
1414043191
1775276002
-1292328127
2003101543
831058855
1540395972
-748472336
-840174835
-1391724268
2089392220
55090383
603558340
1455299810
-1354196917
1433329784
-963219989
-864887016
1822073072
-539539777
1778790701
976411425
-533693735
-504022504
205267991
28488144
1081075061
-1424462027
2135012074
247467940
1932548623
-1495064845
96463794
-1753066675
-125007369
-3179914
-1252374122
-650078098
496045057
-1571439214
-1365614222
355936932
-400298701
947290988
-1106164830
824353991
990386361
-75284127
-817060064
-54050705
-946156772
590941221
1032532433
220142009
1645774003
-740291793
-1862503909
927099723
-937808039
-345751980
2131647930
348718740
1725066079
92436914
169044436
1100254296
-358729788
-1150370865
-1381396406
-1813567125
-1963234909
570900993
-2097424816
-744301636
2795244
486145807
-411228097
415859605
-1310074794
1803048984
995401385
739656992
68109972
-1502655565
-543129426
-83034580
765253318
1861773143
1765185421
1667552305
-194635214
404369149
-2015516803
-2072043887
568010035
1597299459
90513853
686567712
-399154831
-1528655789
1757242346
974375654
-1990013103
1256224452
-1199302512
355413283
-438342993
-989310529
-476214014
-820044142
-1603033398
-776437979
-424865683
1284005618
-406178433
-1685946256
-1748258773
-1589293375
-683766342
148271640
1744692564
-2048667830
-1872173783
-1461447369
-1998714981
936550114
1979945265
-716157073
-168126122
-1454262930
1242628901
1088963851
1908719838
627926311
-873933899
577335652
-1227062504
579093409
-230321756
-100114043
-447900845
-682352888
416565181
-19532526
-1725379499
-1282767955
-1151209977
415058277
2048108208
1369019840
1641167415
-623725831
1663582297
207242079
-1563524251
-900830965
1159055738
-1810820401
114470147
-686569602
1931111046
-1409609464
-1255584502
-581940482
1399650190
1742513270
1070039413
1389079400
775816403
-1738258435
1561078002
-2009810839
-1461899109
-1580240322
-1636994345
-1387471771
101234248
1247816984
609942098
-1198626407
-2042978651
2048270705
1363796196
2114459011
-869785213
-1023009994
-1555850224
1474971264
1608322180
1977043359
732392015
1542002615
-953793738
547209143
-749100218
-312461515
-107238301
-2084701925
1704679226
-1420557735
-1697963866
821913345
-1602752061
87917682
-1827983807
1486899580
-1638018113
-800769114
-1600797138
1874155773
1548884105
-764753899
-336058765
-843840483
-360777109
-1873417923
-1108961862
-1768274535
-1394636208
-1888522849
777503776
-33335652
-1631408450
1722218659
515171660
1736491332
-1458921982
1060422328
2015942596
622040926
397232044
167032767
2095705467
-1640246924
441278781
-1880451159
-721475155
-856679926
-183825890
1800731998
-977598481
170952995
1160133332
-860917792
-197975935
-1375005686
536638322
39969200
-6472218
-1492077234
764304718
-52542864
-839927882
-1079602931
2035373047
1372784329
1286350514
747542901
131860838
-1977365874
-1231501799
1538750344
1027389810
768045345
-962718151
-182731746
1773838473
146630677
356750408
91528496
11250077
1933701140
-1163945100
1275380563
-635271333
126062595
255574840
1443097473
-1412911966
-1902504349
2091929328
729571615
-1837443022
530697466
-3243345
-822635462
-59365468
1692648114
-1554321072
862408724
-1638996583
-702656576
-2133452854
-695380513
-355891402
-225495032
-35464759
704339912
172068047
1133711295
499102585
-303968202
-1060029983
935577170
4240548
-1484549805
2116573254
-524649594
-2012899074
1166665930
-701531485
-650706209
-1316449857
-1495579694
1903718948
1219606854
1230476402
826556268
-1487672469
847417573
1653818125
-1804439320
611280581
1007843157
2095825216
-1615547732
1868431262
1966766587
-1811608815
502069560
-1415465161
-1304015698
246522024
-1487145884
-2098055531
-700049763
2081135463
1957626092
-1495712836
1354082672
1549893693
1849503278
1770792477
-1187150164
-1922211012
-303539151
-1351788980
833902427
-643682200
769897961
437736693
1070447083
985935313
-353301576
629077264
2135788118
-2051077405
-642067912
-824646317
-1587214205
-235073285
-1123497673
-960338712
139559147
-1767356098
-102134014
-1678504096
900356991
-176706650
-942955546
1690366950
-1605978935
-1170756771
-1591434765
1393781687
713090385
1230943309
2112728323
599548881
-853501119
-1275892233
2645754
1174474218
1956276812
1695799172
-200297394
-425841501
-2230838
-355888871
-36913975
691498749
-1478878937
-1178016145
